-68
-9031
2274
5785
4963
-8730
-5227
9430
3484
1792
2219
4118
-8908
2740
4561
2619
4181
7807
-2467
7358
-3366
-503
-8057
4200
-4615
-9393
-8514
1459
4753
4377
-8474
2130
-3589
-4490
83
5512
6641
6075
-2016
5170
-6121
-634
-7356
-1885
-4315
2714
-5894
5587
-1878
6137
-3512
-6859
-731
2506
249
8491
3832
-4237
-846
5743
6663
-7108
-245
-9359
2992
7414
-1630
-2514
-6200
5557
-5247
390
-6631
-1284
-7949
-3124
-1004
-8434
-6681
547
-245
1571
-2000
-8935
1089
-6890
8391
1253
1502
4131
8286
259
7264
-9585
-6871
-3648
966
-9544
-9869
8986
3944
4330
-4641
-2445
-2614
-4347
2824
-1611
240
941
-3906
1681
-9331
-2454
-8082
-568
-8945
-3082
-2110
2637
1888
9474
8117
7045
1732
262
-5185
-4574
-4462
-8732
-5150
-2588
-592
1224
-1332
-5714
-3910
-7535
5738
-5995
2881
1239
-4180
-3424
9903
9550
5579
-5324
8803
-3576
-1610
-3950
-8933
-9460
8462
7598
6374
-4111
-6792
9993
-2842
-4837
3027
6608
-5155
-1744
-4936
-7616
7823
-8549
-1765
4851
-7370
-3730
-4983
1226
5080
3593
-2220
3666
-9976
-5510
6263
-8986
7692
-83
2891
-7492
-3909
-5286
203
-5506
-3883
2372
-7042
-6254
5842
881
294
5432
-3271
-2173
1321
-3614
-1718
-9875
253
4472
7470
-9186
2280
5692
1694
-9106
-8186
6273
5078
6757
5002
3741
3652
-1836
-9485
-4562
2908
-3781
4601
6483
4701
7309
3441
146
-8421
1078
-3325
-7707
-3578
184
9109
-7923
2736
-5463
9236
-147
-8716
444
-42
9946
-2816
-1472
-3964
6914
-889
-366
-1525
-9479
-1856
-5986
-9445
502
6898
6055
-2047
9466
-2140
-2453
8897
2673
4240
3143
312
-9147
-6602
893
-9809
8076
6404
2943
2455
-4211
7155
3428
106
-5876
-5897
-7396
-4837
-8598
-9390
7745
7071
6860
-572
-7857
-7543
-7152
-2102
4084
-6122
-7151
-9426
9447
-8016
6707
3927
-1422
3111
2917
5735
-9710
-5006
-4638
-6371
-2650
8642
6672
-5555
3652
9069
6381
-5903
8354
6307
2678
-6180
-1646
6734
9477
-8234
2705
1205
-6564
-5357
3129
5619
1945
-2407
-1189
-7490
2053
3725
-8606
-6417
-3229
-1871
-6707
-436
796
-219
-1174
5604
619
5209
-3872
2698
5774
4478
-8487
-2079
-7473
-5899
-3804
4878
-3712
7747
7930
-2263
-8630
8446
4904
9469
-4599
-9174
-5713
-8435
-2875
1912
-1834
2887
-4012
-3468
-9235
-2212
1576
8498
-2052
827
5197
-8611
4077
-6490
6736
1471
-9317
-3384
-2416
-4590
-8830
-6495
9851
-6275
-3565
-4066
-3727
-2726
-5372
5030
-3395
3339
-5721
8425
5911
-6757
6702
8562
8824
-625
6916
3715
-3654
-8989
-3340
956
1766
7409
8513
5022
-5497
2027
-1157
-9319
1931
-5490
3945
5816
-26
6327
-3794
8759
-7215
8178
-7523
-8078
-5864
8541
-6000
-2669
114
9942
-7735
-5280
9438
439
6201
6942
3030
-7859
-9406
-5527
8243
2058
2850
-376
-9249
-7087
-4909
3434
7211
5846
-8405
-6000
695
9180
-5954
-6399
3847
-5175
-5590
9547
-1146
-3007
-55
9891
-9472
-5958
-970
-530
-7821
8248
8826
-6467
5778
5820
7402
1241
-7802
-9608
-9043
-8833
9080
6326
-8461
1306
-6345
-8107
-9261
-4886
-8772
3804
8755
-1886
1048
-8479
-5334
-4156
-8468
-602
-4715
-1544
7071
-7683
5173
-9744
6453
4107
4839
3503
8667
4981
4775
-6657
7336
848
1499
-1028
-3462
6876
-5520
-2107
4566
-9500
5477
6905
-4958
4230
3986
-646
-6771
-8643
-9662
3513
-7465
1593
5038
-480
8372
2924
-3412
-8331
4886
831
-5921
2833
-3693
-357
-6759
-9245
-6578
-8694
6215
6293
1287
993
-664
-6785
-7902
-4014
-6572
-8566
2385
9666
5568
-3893
954
-4001
-3145
6670
-725
-5591
-4872
9805
-6504
-685
4281
-1900
-6973
-8096
-1953
5880
-2961
-9096
-8247
3664
-9619
7084
945
-289
-6623
2312
7694
88
-9348
-1842
1438
-6934
-4014
5890
-6456
6914
3325
5564
5993
7708
-2612
124
-1632
6825
2329
675
1663
3101
3985
-6640
-8354
-8692
5362
-684
-1256
9962
-9165
1125
6485
858
-1857
-639
9920
-1954
-4019
-3364
74
7014
-6335
-9371
-7474
-4292
-1616
6586
9470
-7614
-2428
-3894
-5645
7182
1132
-5806
7923
-357
-3145
-5151
-9626
-1736
5684
-2086
7880
-4900
9569
-4230
2596
-9546
-1140
9882
-8073
4766
485
6793
-2321
-1890
7390
-3876
5786
-2782
4214
4273
-4039
7240
-5736
6900
3730
-2660
-4156
-6435
9106
201
1837
4919
-2419
5238
-3369
3568
5413
8236
4508
-341
-4573
7571
-6489
-2653
-7113
1744
-1872
-3981
-2153
7635
-6114
3632
-8469
9884
-6752
9409
556
1966
-1849
-6656
4462
-7607
-5174
4860
-2825
8882
9661
4843
-7426
799
4282
6414
4993
-6305
-4365
-9764
2687
-6181
1414
-7343
7461
-8979
5506
6093
-7671
6900
4599
-9316
-3241
8077
-1884
-3542
-2502
5667
3414
-8111
-704
-9371
4487
8895
4311
-5519
9387
237
5202
8211
8582
3936
3897
-8314
9063
-9054
-3826
-4421
-4933
2529
4370
-6364
-7709
-8941
-7600
5653
-6562
-4168
2942
9372
8019
7011
-9493
1484
-3880
7660
4084
7561
-4056
9581
-718
605
-720
5320
5975
-3102
-4733
8235
-2694
125
3015
5717
4226
7328
9477
-5680
-4815
-9369
-148
3429
-6618
-6638
-4463
-7626
4119
-6379
-8521
8116
2682
-6657
-1772
-7297
6024
-8772
-4593
-7390
6165
154
-549
-2370
4058
-7215
1130
9438
-9794
2618
-3691
-9978
-1893
-2193
-7955
7521
-603
-21
3496
8343
-2875
5009
9106
-7578
3878
9883
-4231
-5898
-6770
-2362
33
865
-2
-1961
-4990
-4425
-6744
6870
-8214
1510
-999
-4425
-8254
602
-1474
-6090
7613
-8518
-8099
8679
340
1370
2337
6260
-9577
9708
-9820
2423
1635
-349
-2104
-7179
1696
-7944
5987
7770
25
-9468
9542
3508
1005
2800
-7987
8242
5329
5282
-2668
-5376
8434
7583
-7608
2447
2368
9702
-3304
-5474
-3598
8158
-5691
-2545
-6513
8949
4914
-4730
8838
4719
862
8879
1316
-2762
-274
-1321
6310
703
4164
-1427
3837
-1301
-1597
9870
2443
3693
-3197
8468
-1893
-3999
5908
6030
5489
8383
7866
-3008
488
8033
6667
-7692
4536
-8188
9857
872
-3382
7321
150
2245
-6507
5213
8715
-4954
-6101
7383
-464
717
-8447
929
-2047
-6407
-7647
7523
-5680
9046
-6913
-5692
-1251
5639
-9928
37
7631
3280
8922
-3938
8915
-450
9810
5141
6430
7121
7265
-1366
630
-9647
-198
-5322
-7677
-2322
-3627
9520
-6514
6563
6625
7651
9180
5554
4128
-3032
-9630
6703
-5130
-7627
-4613
6109
9310
230
-1724
4429
5018
-29
-9895
899
2258
528
215
-7296
7910
-8611
-4423
-6191
-8910
9498
-2361
9049
2626
7702
-2889
8865
-7882
-6253
181
8356
-482
695
2965
-4720
-9583
-1950
-7599
-5187
-8896
-4097
-4921
9123
-4997
-1577
4039
6980
6953
5653
-3964
-1100
2153
-7123
-8200
-7726
9251
5885
466
-5009
-3878
6866
8076
9684
3262
-2023
-6057
5607
-2075
4862
-5173
4599
-404
3009
-4749
-8484
918
1584
-5266
856
-6138
-5459
871
-199
8060
9158
-9919
7397
-6082
-8817
8534
281
6307
-3866
-7899
7315
-9771
5127
-4792
-8589
3471
-2846
-3704
4609
7299
1785
4137
3650
3648
-5494
6275
753
8324
539
-1136
2063
164
-6994
3698
4215
-980
-4460
7271
-54
5751
7925
-7602
5813
4228
-1698
-9422
2180
5372
-7402
4975
-2216
6200
9128
5229
-7582
-8898
-1656
6984
2204
-715
3293
4126
9332
-926
-3713
1591
-6106
5259
-481
6297
667
2009
-7644
5964
352
5723
7516
-4228
-8587
3777
5297
-4146
3559
-6717
-602
5530
8862
-5284
-7375
-6875
9260
7257
3389
5038
9203
1600
6245
4856
4206
-8417
4719
-4580
5594
-5073
-7042
1686
977
8760
-1922
-99
1209
3962
-1849
379
9815
4194
-4516
-1394
6401
3702
2724
9776
1750
2850
-2216
4219
7125
3066
6126
-525
-6619
8991
-6784
4304
-7211
9010
-2266
2015
-56
530
8561
7249
6675
-4948
9933
2918
-9239
-5004
4547
3130
-3440
-2419
3598
1027
4023
6397
-9123
197
-9164
9584
-9377
2423
8743
690
-6581
2147
3393
4404
-6173
-3373
-9023
-4150
-1155
-4932
1738
-3314
6720
3907
-5465
-4150
-8590
-1470
-6864
-3472
8663
-4453
2018
7495
-3309
-5396
8176
-6479
8375
9933
-9169
-6764
-1292
-7087
6895
-7317
-7515
-3644
9980
-152
2754
-2454
8210
842
8073
5538
967
-1993
3593
-8597
-7260
2295
6585
5684
1393
4492
-8853
-3052
-7833
3773
3442
5710
2668
3151
4907
-814
7283
-4986
3619
-7050
3637
7725
-1707
2477
-5850
2387
-7866
9071
-1518
-7326
-7564
-1049
7350
-1637
9006
-5630
-9767
-9720
-9020
2816
2775
-1567
-2394
3846
1965
-5375
2076
-8067
-9228
-8741
4270
-306
2551
3747
4355
-6615
-9011
8905
-1537
1449
-4976
8918
2751
1520
-3337
-4289
6396
1855
-3702
6639
-9352
8995
-7842
1953
7484
6778
-3227
-5025
3606
1560
4782
4998
7553
3896
-8225
-8554
-5708
4767
7540
-2608
-7591
3755
4204
6237
6456
-6697
-2405
2619
-445
2909
-7100
-6394
-8804
0
9025
-7782
3853
2949
-3244
-2666
-5806
-2422
1775
2254
3255
4047
5579
3454
-508
-4688
-3719
5517
5091
-5608
-3534
8773
9041
-7995
-5828
4248
1855
2556
1185
3210
-2782
2159
-5047
-3702
9317
4705
6081
7380
444
8711
2184
-6324
2101
-1709
-863
-2103
-7760
-9441
9564
-2933
-3571
5263
3905
2621
4343
2110
9867
7568
-5349
-9621
-6391
-1424
-7468
-725
9988
604
-2922
-1435
-8613
4531
9711
-9134
6887
2491
5989
-6478
-6317
6172
6591
4780
-1788
7767
-6309
-7348
-8040
9607
-471
-8663
-8241
6159
-5335
4093
1926
5474
560
-9016
-4186
-4348
-3324
-3856
-2650
-8398
3542
-5527
5090
-5036
6937
-8671
5732
-4813
5741
7578
5812
-3753
-1922
4252
7316
2775
-7196
86
3559
9559
-7545
8497
2357
6106
-6942
-2851
-2123
-5820
2290
-322
6903
1877
8240
-5585
-9098
8136
-7527
-6749
-7269
5327
-6426
9975
5338
-5756
-5960
5226
-578
-3902
7913
4326
4243
-3843
-2418
-4819
9907
3339
2462
-6200
9491
-8993
-6397
-5994
-4244
8787
-788
-3608
2356
-5643
2550
-1274
7156
9682
4505
-8349
-9965
-8793
-5119
-3480
5558
-9906
8005
5804
-1515
9720
6077
-7773
-7478
-4934
-3710
5586
-4830
5332
-6656
-4513
-2472
-9472
9691
-2973
1307
-8857
-3179
405
-1153
-7251
9468
7569
-5437
1629
-9105
-8154
-1039
-6391
3905
-7569
-103
-5742
3342
2458
5623
-2679
7856
4458
3732
-4877
-1457
-699
-9113
-515
9164
7101
985
-2837
8382
-3011
-9628
-2926
-9224
-9515
-1301
-6771
-7016
-9582
5637
-735
-7872
-9442
8567
-2918
-3537
-2882
-2343
-6368
-1781
-3781
-1150
-9999
-8059
-631
-5614
-9217
-2060
9914
2325
-9559
4558
1773
-7172
-9420
-4112
2960
-9621
1122
-8775
7378
-15
2551
382
6951
5721
-6390
-1077
-6788
9103
9174
3845
1601
-7730
-3850
210
-2052
-9036
6721
-9160
-1746
-7109
-5781
1568
-7866
-7660
3834
-1147
8826
7957
9689
-247
-6851
-99
4770
-1957
-58
-5771
-7462
5563
1316
-2743
-5442
1642
-3415
9556
1879
7222
-5605
2573
-7931
6159
5519
9648
6033
-9733
6024
5165
-2332
-8026
2439
-4906
2457
-3641
-7416
9562
-1480
-4070
437
-5705
3451
-8617
-6918
-1999
-7932
-9762
-4900
-244
3727
-7070
-4712
5300
-8340
7290
2494
-4870
-7417
7189
6762
148
-8373
-8219
-8345
-241
5757
-4999
6642
4103
-6818
5196
-2246
4058
4629
-1520
-4082
1605
-4894
1079
-8559
-5646
7573
-1460
-6120
-5321
-2318
7109
4266
-1439
-5893
-575
3089
4298
-2802
7332
6494
7640
-2363
1764
7902
2505
-106
8264
7541
-7596
-6170
9015
-947
6916
318
2034
8744
5166
5499
8842
1632
-4588
-3786
-7674
-4422
7302
-7102
-914
825
-8690
1645
5217
9049
7347
3399
-3403
9600
1381
3587
-4335
-5936
-8718
-9378
2599
-2539
4805
-3237
9393
-8072
5958
2980
8194
-66
-4624
1339
4918
-7677
-1826
6344
-3756
5368
-8066
-900
-8256
5758
2648
9328
-4285
2862
1982
1101
4682
6810
-1792
8528
-3720
8857
1250
-5337
8675
7657
9385
5901
570
-1398
9337
342
7833
-5583
7075
-6229
6613
-1705
-153
5840
-2987
-8909
7260
-3862
418
-9296
7013
-4344
-9138
2972
1191
-7291
3847
7254
-2532
-2321
-6102
8203
-2214
-2646
-422
6393
301
-1656
-8950
-6322
-9463
6195
-6165
4734
6078
-8300
5447
-2072
8794
-5177
8758
7645
3574
-3858
-1723
2021
-3971
8313
1986
-2016
1036
-4707
-8567
-6203
-5492
-11
9586
-4376
-9601
9982
-9277
-1826
26
-2916
-544
-1095
1236
4399
1816
1571
7879
-7940
-3654
3072
-8460
-5076
-8716
-3552
9699
-9748
-4160
952
2936
8245
-7476
-3324
1348
-453
7800
-843
-600
6933
9031
-9067
4670
-5618
-2733
2882
-6072
-230
557
-9138
-1645
1859
-478
8015
1286
8494
-44
-6225
200
-3003
-6844
63
-976
-9272
-8540
6239
9780
8834
-4551
9100
-8113
-1961
-937
-2357
4686
-2954
6746
-6350
-484
2463
6339
-3737
7213
1593
4932
8676
1765
-9204
254
2384
7042
5302
8679
-1680
6291
-405
8612
-3656
3866
7261
-1345
-5657
-1849
8313
6132
-5286
7620
4988
-269
56
-8191
-2849
-7495
-1886
-6892
3826
1305
9697
-5426
-943
8429
-6709
8250
8837
2076
3732
-1165
7384
-7874
3322
-9690
-674
9386
6677
3315
3415
1760
165
2621
-7477
-9336
3945
-2414
-2101
-7320
-1907
4919
7173
-2680
-4951
-7721
-961
-7182
1841
-5832
-8078
6463
2466
-9019
9481
-6020
-6035
-8873
7352
-8274
-6333
-3426
8124
-544
-7461
856
-9379
1204
3215
-9495
160
3802
340
-4705
-447
-8419
9023
665
1247
4362
-383
-7739
-7076
-5222
-8104
-5733
1134
-7123
2580
4931
-9344
4983
7609
3751
675
9276
-8231
360
-1529
-8481
7141
9277
-9099
346
6883
1973
-6169
6006
4597
-7880
9167
7442
2844
-315
7306
4662
-4310
1888
8731
6831
9517
4953
-9898
8269
-3450
-9256
-7903
2471
-9968
-7394
7809
-9988
2803
4756
2226
-808
-1067
-6907
-1256
6609
2908
7528
-2787
2717
2342
-5521
4529
-7477
-1246
-5723
1291
-4410
9438
-5762
-7265
-930
-4991
6319
8925
2896
1096
-9369
-6438
-3281
-6401
9547
5052
7295
1887
-7070
-2804
278
-9503
-8600
9985
-2326
1098
-2188
-2138
-2221
-5773
4170
1218
7450
-9895
-7281
1484
-5756
188
-9427
-1968
5674
9443
-1344
9341
9243
-600
6214
7812
2785
2908
-7290
8313
2832
-5416
6949
6238
-7220
9329
70
8695
-1897
4745
-5216
-7877
-2329
1411
7833
2584
5345
-4462
690
912
4734
2874
-6597
-6687
-7196
268
-2599
9194
-9366
5062
-7962
5067
-4366
-7874
-3571
-5596
7750
1957
9257
-5352
-5404
690
-54
-419
7991
-2419
2447
2045
-9509
4933
-9575
-2775
1828
4856
3318
-1728
-3712
102
1380
-4778
9298
7822
7119
-6572
931
7793
4991
2305
9933
5280
-6539
-4385
8636
1954
8854
6673
-8838
1515
6063
-6512
5383
-2651
-9035
-2612
-2671
-6953
1404
-7954
-2324
-7311
149
-6080
1222
8675
2763
-5785
3665
-8701
-3700
-7962
-9278
-527
-3126
9130
-1347
2802
3692
442
7101
3312
-6646
-5794
-8610
4997
-2202
-8721
-410
-489
-8586
-9884
-7351
-5292
4593
-1365
-2925
-1402
1109
-5520
7637
9210
7892
719
-5281
-1267
-712
-9242
-7204
5598
8025
-8332
2148
2963
5699
-2546
-5036
8552
8489
-6169
2364
4129
-3968
-1953
1721
-1577
-5628
3329
7105
8327
1309
4487
-4833
-4217
-529
1897
-1680
2092
7727
7658
-7973
6356
1415
3136
-1681
6473
7629
-184
-695
6984
482
8779
7440
4381
3454
-375
-4969
-2586
-211
-8626
-7583
9679
-5043
-6155
-7531
136
4829
7210
4571
-4955
-7978
-6310
-5508
4425
989
4671
4223
-8387
-7723
9899
7833
-5415
7270
7820
9051
-3455
-8927
-3397
-49
-7159
1309
4250
284
-3176
9447
-1895
-4733
8993
4012
-2430
-2872
-5439
-9466
-6709
-8794
-3179
-3292
-9099
7617
5136
6553
-2701
4186
-3478
6200
5073
1895
-7178
5528
-5669
-8432
-381
3766
-9678
7366
-5407
-2787
-1342
-1935
4870
-3204
2297
2556
-3275
7545
-9266
-5567
-9612
4112
6800
138
-2154
4242
-2154
-4332
-5314
-6398
1147
8963
5237
8997
8796
8844
7151
-5621
8790
9495
-6175
9076
7953
7055
-5022
56
-3276
9647
2410
5937
8589
4080
-7699
6626
7811
-1387
-3299
-8799
4628
-2330
3316
7833
1408
-5671
3459
1318
-5259
-300
2167
3280
-6565
1082
-1628
-5064
-497
-9989
7425
-2865
7513
-9565
121
-3041
-4107
2253
-1931
2099
-5790
-8543
-1968
-5177
-2453
1534
3132
5850
6257
9247
8318
1983
-3356
8807
-1000
-3678
7109
-1519
-5424
8664
-2143
-1441
-9745
8686
9988
-7480
6294
2267
8721
-3439
2383
900
-7449
1356
-3207
-4482
-3122
3936
-1732
7420
5382
5339
129
1697
6782
-7820
5435
4736
3954
8340
-5676
1979
8254
-3013
7543
-6091
-6144
-6822
-1811
6450
-7661
-9646
-3300
-880
2629
7848
6408
63
-256
-3229
-8738
5572
-4013
-9753
3824
-1759
3931
7067
-9593
-3220
6231
-7085
41
9197
-8430
-2602
-5389
2496
8705
-1454
-7829
-9011
-4390
6765
-1608
-4055
5812
6371
662
-3778
-2024
9035
-3986
275
1186
2748
-7894
7149
7523
9185
-2414
6295
-7069
-9451
-5366
-6947
-3516
4199
-105
-836
4076
4059
-5870
-5157
5616
-6288
3572
-9485
-3324
-3255
2451
-2367
-7206
-6293
4011
2571
-8463
6188
1800
924
-1646
-617
-3819
1604
4056
-3957
8685
-508
-188
2113
7834
6561
-3475
-813
-2867
6422
-545
-536
-8617
7763
2650
9717
-6033
-2598
110
9883
1428
-717
3140
-4192
7247
3391
6076
3279
-9993
-2731
-8531
-7170
-6601
2307
7761
-918
2681
-3312
2263
-9155
-9430
186
-6205
-2603
5468
-5277
-2757
1074
-3374
-9991
5253
1211
1781
5487
-5288
-8398
9676
-4453
7770
-5413
-7581
3303
9265
-4439
8304
5707
4709
69
-9414
7452
7032
9751
-3257
-5662
6038
6358
-2210
4108
6063
-4939
3627
-4566
-5727
774
-3411
7218
6855
3976
8317
1660
7071
-9611
-3117
5714
-1758
5228
2118
2301
4458
-3794
54
2957
2496
8405
-8538
3791
-5580
-9434
-3163
822
-5238
-5382
3828
-3820
-1773
4111
7845
-7395
2592
-3855
3935
8356
-9779
-365
-9969
-404
-3317
5066
-4435
6937
-3978
-5034
-1044
9538
-312
-7274
-9791
1582
-9615
1379
4823
8098
-3508
9905
-6358
-5493
-8021
-4492
7130
-2184
6445
1276
5968
-5199
-7360
9981
-9895
-8201
6173
2050
-4567
5051
3250
3983
3040
6576
-7529
314
-7082
-562
561
8128
-59
3726
8432
6544
36
3692
0
188
-1004
5528
-1530
1779
-4191
-5054
-6548
-4974
2375
361
-6421
-4516
-1197
-1419
-1272
-5412
1450
3029
8679
-1470
3470
-4726
2432
1600
6103
5095
5828
9643
-1729
-964
-9950
-6391
3794
-6059
1536
-3970
6558
1236
-6858
3671
5576
-7010
-314
-511
3870
361
-7981
3750
-22
5943
-4030
2021
-5708
-9980
-3484
8789
4566
-9474
7454
9537
9253
-4430
-3567
-5339
-8317
-2612
-5402
-3812
3583
4258
-3191
-246
9902
-2242
-5917
-37
3170
-1292
228
-102
6751
3517
-6644
-402
-9574
-5108
6246
-8814
4341
-4240
734
-4497
-4615
-6773
-9309
-2876
9607
5372
5811
-5985
5018
6670
5938
-6462
-1659
-261
4090
-942
-8238
-3792
-4314
2289
-8591
-6400
-5130
8117
2696
-1294
-8640
5608
5300
-9436
-8810
-3164
-8224
-1172
-5388
-3599
-5564
-8210
4576
-4637
-5189
-3746
794
-4893
-1711
-9099
-9840
1199
-9541
-5488
-7494
-5629
2219
1025
-3728
-5645
7808
-5414
2626
-3491
5068
-6339
-5388
2881
-321
-7187
-2271
6036
7141
5437
-7327
7393
8487
-1112
2772
4009
9600
2836
-7461
6939
-5718
-2432
-9569
9320
1406
3534
-2161
-4609
8047
7686
5202
6867
-6978
-5481
-314
9617
-816
-3190
4916
8612
9910
-5952
3244
5285
-2882
531
-6294
-9276
9149
8338
6393
-8616
-7488
6711
9324
9983
639
3046
1116
9269
5492
-9756
-6726
-2483
3100
-2394
-5718
-3712
8587
4282
-3014
6346
8168
1009
1624
3568
-1487
1303
-3836
-4992
2647
7071
-9963
-1125
-8368
-2925
1749
-2729
658
-8401
-1905
-865
-4866
2175
7739
7419
-7840
-1081
1759
2195
-7890
-5911
4499
-270
-4742
2543
466
-8499
-9711
-6151
-2364
-6225
-5642
-2948
9314
7817
-1993
8054
4016
368
9468
-8780
-7076
-3502
3892
7889
-6573
611
4581
-909
-8694
4990
-9941
-5578
7314
-5955
5153
-5866
-5453
3885
-9957
9690
-1010
3297
-832
5810
3521
1282
-8155
3303
-9572
-505
-8836
-4511
2148
2552
3059
1467
-8877
-486
-1371
7206
8097
-773
1705
-8408
8972
434
9625
-3665
6685
7699
3974
4981
-4355
9652
6204
3806
9095
-5130
2110
107
6258
-2026
8172
4128
-2770
-5585
1130
-3573
7801
4944
-7489
-2911
1106
9892
255
5518
-8428
3261
-3440
-7363
-5535
-9065
-6350
-6844
-4047
-7456
-3541
-4521
-8698
-3593
7939
-9274
-302
-1722
4208
-4079
4252
7719
-4369
4375
3174
-1478
-9335
-4788
7235
3715
-2444
12
4629
8056
8514
2070
-1317
-5107
-550
-8648
-2016
609
-1080
615
-1527
2765
8975
5243
3643
-5257
2102
-8393
3647
-7184
1689
-5613
2454
8508
-3687
-8461
-3728
4350
-2617
5132
6474
5455
-8435
9305
2748
4167
-9128
-9407
872
-657
-4177
2088
-5966
-9884
-8574
5637
-8251
6321
-2045
-4117
-5790
8124
3086
8128
7791
3838
8234
-5731
3861
-9044
6936
-1578
-477
6753
-708
1629
-1554
-6402
1294
8932
9996
6607
-6728
3857
-1151
-9038
1231
-5132
-4119
-2418
5474
5735
-2616
-9049
-9394
-4369
-1376
4686
-3945
6369
-6803
2693
7638
5188
-6796
282
-1364
-2797
-2254
-2616
1168
-5736
-3764
559
-1277
-6876
8562
1264
1391
-3017
4594
-8279
6243
-1868
9097
-9220
-2355
-5119
5845
1830
-1987
9996
8253
714
-2471
8682
3745
-9628
7817
4759
3245
-8622
-575
-4507
8507
9725
-802
-4670
-5103
-4614
9779
-2311
4680
-599
4774
-6952
8163
-7685
1333
6077
6119
-9200
558
-7841
2508
-3714
-3621
3139
-3062
-5519
3461
-8241
4231
5845
1824
-6298
-2656
-1916
8286
1059
-8421
-9850
627
5823
9052
1761
-420
8709
-9720
-5268
4285
-9536
-4176
372
-9796
-7802
8971
6852
7225
-3927
162
1510
-9825
-9836
4181
-8095
7801
-645
-5576
-9463
7182
4975
-8416
2933
-8798
603
5979
-6765
7905
8602
-7335
-6263
-9307
-4045
7323
-8798
8223
-1197
1622
-2490
7745
-8246
5219
-4030
2148
-3594
9202
-7961
-7968
6141
3897
-7319
9965
-980
8433
7880
7735
9967
-9235
-3109
-1820
-1960
1728
4800
3748
-2676
-5186
3389
-5728
83
-5267
8850
9006
-6237
1949
-3855
3805
4037
1338
3774
9278
189
4210
-3798
836
-6239
-9124
-5368
-6865
-5789
-3213
-7681
-936
1996
-9057
1639
9840
-1310
6480
6715
-142
-4161
542
4383
-6667
-5355
-3371
5841
3118
-4205
-6510
-9741
6400
-7664
8301
-207
-2739
-1614
-9409
-7924
-963
2300
-4331
9418
3014
-462
-1115
-9611
-6006
-8565
4840
8878
-2622
-5188
-3319
3690
9610
9577
3248
-5689
64
-9635
-9216
5775
7198
7165
-100
-6357
2134
-3983
-1862
1357
-2048
-2355
-5498
-8011
8321
-6247
798
8837
2833
-3175
3013
5771
-8540
-927
-783
2322
48
-9717
1555
3787
-9296
-2422
-7274
5557
-4860
945
4485
-4896
6150
6933
1655
-4010
5043
-8639
-7228
8807
8210
5341
-8104
7363
7938
-3176
-3648
1743
2159
-8378
694
-6906
-7637
2269
685
-7515
9518
9933
-6228
-4743
-1027
-7170
-8572
-1855
4202
-7653
-9998
-9476
6237
-4335
5856
-2154
-6058
3611
-1989
4891
-8512
-8768
391
-307
-1126
8033
1283
4819
-4511
1385
904
-6830
-6447
-7263
-7611
-423
5047
1582
6146
5597
-8440
-6308
4281
-8838
291
4919
1234
8430
-4900
-3880
3804
-5573
1280
9599
-9016
-3392
-108
-2845
-513
1398
810
-1126
8971
-2856
-445
-8121
1501
-7594
1581
-9929
-5474
-5233
4765
-1646
4836
8171
9660
-649
6923
2497
8269
4303
7453
-736
-147
7278
-2949
-2269
7170
-2820
7631
5719
8034
7025
7877
-6374
9417
-3507
-3786
8807
-891
8675
-4805
-8064
2103
5835
-6691
-1113
-2080
871
4111
-8245
-966
2798
4765
8003
5351
5082
4900
3030
-9044
4676
-9214
-880
4304
-749
-1644
5161
92
5229
-8626
-1225
1579
8647
7375
-9414
-3994
5917
288
2728
7287
4654
2643
373
5636
-6093
59
4753
-2148
4611
-8360
5929
-7814
1617
-343
-5730
-3618
8991
346
-3505
1989
9377
1639
1592
-568
-1959
9837
9358
6088
6804
-8709
3047
7501
-6668
-1101
-5881
6024
-6296
2288
-918
-414
7493
-7694
-8201
9333
7326
7333
-195
-3735
-9798
-5451
-5739
-7803
-2485
6314
-5262
-2338
3913
4711
8043
4677
2874
754
-8609
1082
1970
-4472
5906
-7282
-5392
3941
3125
6076
-9561
2864
8854
1989
1874
6161
2786
9656
-1642
583
-6405
-5666
8366
287
7006
-8040
3092
6694
-2058
-8886
7782
-253
967
4411
5614
-1159
-6827
7549
6090
-9964
-9569
3603
9211
-698
6659
-6613
-8327
-7897
-2912
574
-2274
-7695
1764
-5554
3079
-9812
-5380
-1857
7740
7219
7881
-2322
-1889
-7134
7305
369
-6675
6848
-591
3115
-719
7370
70
6439
-7276
-6710
2639
3684
8436
1831
-2490
-7308
7861
-3777
5961
-5368
-6743
-8635
-8785
4035
-9740
7731
1112
3819
-4879
-2798
-2012
2979
-684
5181
-9608
4254
-9061
-4322
-9379
-9539
-5710
2099
2997
1455
2226
9808
2557
-1847
1730
7411
-3238
-9015
-4697
-5700
8246
-8548
6901
8892
2323
4744
4015
-472
-5977
-4412
-6336
-1654
8875
-6424
-4806
-6475
9035
5434
-7494
-7844
-7647
35
-1313
3710
-8922
9252
-6514
-394
-3570
-7579
763
-3102
3255
-3869
-3160
-2799
-5026
-2869
1814
9952
4908
5880
459
2123
7510
2358
3674
-2985
-5902
-3103
-9868
-4840
9250
9795
4448
1920
1236
-5094
19
-6020
-1343
5039
2514
5115
-4670
4252
-1884
-9764
1861
4812
7730
-5418
3039
2280
-1179
-9930
-4413
9529
8111
6180
6624
3347
4585
4564
-3907
-1671
1727
7079
-8008
441
-6681
-3830
4158
4950
1662
-3024
-6170
-8081
-1158
8263
-9431
-8575
-7477
-4921
1975
3824
-3577
-6715
2176
9245
5726
-7274
732
-3835
5078
1521
1452
932
5717
539
-2006
3559
-116
-1979
-5350
9820
8316
598
-7336
-6737
4376
6713
5592
247
-8198
-9386
-6230
-8718
-7438
6902
-8689
3070
546
1510
-9076
-4659
-944
4655
-2885
-5652
6146
-6259
-3691
7856
-1829
-3365
-745
7275
-5499
5771
4364
-114
9401
6886
8852
6861
-5149
-3169
-5460
6647
-6053
-5286
-984
7103
-5501
-6001
1369
-4868
7068
-4512
6798
8192
-5662
8450
-3388
5093
4333
-7214
4470
5693
3634
7928
7682
76
-4138
7753
-5362
4544
-597
-4002
6045
80
5642
1364
3170
8761
-4545
-5947
-303
-2609
2488
-1010
-7122
2384
-9059
8472
-5576
4336
-731
2093
3006
2294
-9037
2570
-6909
6055
8231
4785
7224
-2626
7141
6722
5666
6999
3944
-3763
2926
9518
7649
-3915
5919
-6795
-7741
4776
7263
-5276
6057
-1729
7892
8001
-6113
3445
-1390
27
-19
4681
1734
5059
6975
-9928
-6870
3272
-6145
188
-5540
-3763
-5667
-2377
351
-2238
-5350
-3233
-9114
9173
8186
-3633
4928
-5522
-1568
-5096
-9256
997
38
111
-6746
-3870
-8666
-4576
1605
976
4166
9538
-8742
-6053
1567
9605
2143
7777
-8415
-9992
-9048
-2327
-7399
-9407
-2786
4567
2675
-7822
8285
6276
-303
-7835
5370
-534
1011
-9031
4571
-9410
3426
-7849
4056
5076
-4752
947
-6744
7463
1666
-2021
-3737
264
-5056
-2851
4329
2733
8137
-5877
152
-1828
-3119
-9428
8097
2780
-8515
-2180
-991
1025
-2605
-6565
9819
6241
-989
9871
6685
-7512
-5807
-6720
6192
1122
6653
4293
-7977
-4626
-8205
-6769
-5495
-3975
6939
9789
-3460
3437
-1339
-7828
-3356
7917
3601
-9636
-278
-5839
-4509
-77
-757
9568
2597
-7913
2369
407
2553
8849
-3028
-1178
-8388
1471
179
5277
-4019
-7976
9116
9196
-289
-3235
6549
-8505
-6160
-7573
-7058
5361
-9139
-1171
-7666
-8840
-3463
9297
-2757
7930
4722
-3302
3851
-882
-2367
-8774
-872
4758
-365
8441
-1415
8186
-4501
1146
-7213
6936
-2796
1230
1909
-7943
-2167
-4489
-7595
935
-2146
9379
4785
8085
-2275
-5518
8569
4399
-9465
-7378
-807
602
-9758
8123
-476
1064
-2573
515
-6032
6295
3973
7477
8895
6576
-7009
5176
-7924
5037
6333
-1553
-4649
5893
-3978
4275
-4752
-7278
-7254
834
850
-8187
-6637
4015
4564
-640
2428
-7235
9552
-5510
-3855
-5031
7877
-7265
-5712
-1441
-8537
-7119
-7682
-3090
2785
-1872
-5849
388
2536
-5677
9264
9340
1513
-5323
7534
8340
-6592
-1593
-9536
6729
1055
3920
-6175
34
3272
2739
3732
7461
9606
-4571
4130
-3288
-7923
-885
-2820
2957
1324
-6133
6640
-7429
-5600
-9012
2904
-8122
-3670
3405
-9362
2928
5752
880
4161
6065
5342
8358
-9475
-2704
-580
-4511
-1213
-7908
7161
-5858
-4948
9900
-4599
-1390
-5365
9218
-6731
-1803
-7002
-4168
-7553
7194
-7282
9921
9873
289
-5305
-6737
-2423
1792
-4321
-1916
-2737
909
-7996
-1776
7062
3975
3375
8524
7123
8716
1637
-3
1910
-529
-281
6706
2559
8548
2742
-367
-6282
-6040
-3179
-2226
-356
-9264
-7797
-8943
-3428
-2693
-2427
5945
835
8701
-5941
7195
94
-4410
2280
4861
-8406
-337
-5815
-6581
-5930
-4230
-8355
-9252
-2499
-9396
1375
1827
-6599
7065
-5961
9474
-5522
-7547
-4593
8341
-1863
-6687
1382
5904
569
5408
-521
-5667
5440
1529
-45
5929
-4290
-4526
6093
8070
6322
500
1616
-3581
-2337
-4815
8755
9952
-2210
-8740
-9794
9487
582
-1789
9795
7503
2626
-8169
-4997
4273
6786
-8375
-8477
-2898
7249
-2605
9590
-8668
4607
-1554
-1969
-1945
-2871
958
-5730
6459
-4419
-7995
1465
-4591
8878
6693
-6508
-3881
-7474
3562
-6803
4309
4351
8393
-60
9693
3887
-463
-9084
223
-2758
417
2641
-9180
1354
-4115
5320
472
-3282
-3781
4424
-7471
-8697
-6067
-5667
3028
5953
-195
6173
7589
6841
-741
-7552
1332
-7594
-4421
540
725
4842
6659
-601
-9517
8712
-7821
2701
-3733
-326
7811
-241
-809
7099
-5147
-8071
-6833
5639
1398
-7171
785
8321
7844
8644
4067
-9705
-9078
-2540
-8263
-810
6420
8651
-3775
-4353
6552
-7007
746
-2818
-8302
-3485
6997
-893
-9697
3657
5819
-8435
-7398
6784
-8431
8068
-2272
-1624
1334
1941
8627
-4786
-6357
-7457
8889
8492
-7417
6880
5249
-1467
-8706
-447
1274
671
1572
-9575
-7687
-1628
-5489
6503
7444
-4566
-7530
-733
-9096
-8015
3230
-9155
-3344
-182
-2365
-2853
3573
-2223
5894
1887
-5050
-3270
-781
-3931
-5687
-2239
2613
7170
-7785
-2486
-3919
-4562
2945
-5237
-5113
-5500
-6654
8725
1824
-6540
-163
-5069
6456
-704
631
-5667
7294
1409
-7743
-4788
9982
5826
-2009
-227
1763
-5530
9464
5720
6772
7395
-8317
-9770
-1983
-3741
3396
7074
2472
-7891
3086
5740
-3805
5187
-5514
9399
7822
894
-4302
7128
4407
-3186
7083
-7637
762
-575
2822
-8060
-8722
1717
4837
9847
3889
870
-4178
-4172
8483
-7193
-469
-9890
-8166
-7152
6842
-8753
8367
4541
-2514
-6570
3360
1047
-2151
9885
-766
-7070
-2855
367
-4516
-4376
4890
2402
1369
1208
-9064
4180
-2864
-2658
-1870
9402
9600
4191
6497
88
7636
9869
-9464
-5647
6016
192
4443
6884
4491
-1449
-3049
-5360
-2003
-5550
-6544
5716
9020
2485
5044
-9859
-4977
-1760
3115
3329
4650
1080
-1879
-8728
4918
-1790
-6903
-2382
-5774
-5672
-2543
4286
-9362
1612
-6264
-939
4480
463
2090
4651
136
7631
-6426
-3588
-7611
4514
-9458
7803
8346
-9102
6819
-3094
8004
-405
-7656
-9228
9671
-8102
5124
-6142
5566
-3503
2675
-7334
7477
2717
-736
1089
-6285
-3895
2851
-4186
-1106
4525
-6810
5090
7694
8735
-8220
261
4779
-7976
1964
-8027
-3268
8436
-8659
8397
-6104
-9900
-7537
9025
-1147
9249
-8475
-430
6442
4918
747
-7094
8156
6871
-2819
-5550
894
-8268
7631
-3043
4310
692
8488
-1135
6562
1196
-9575
-8037
755
-7854
-6304
-394
-9620
8256
-2297
5614
-8662
7861
-5711
-7312
8610
9201
7319
9114
-1728
-1778
4496
8175
8700
2543
2789
9807
-5583
6383
-3768
9450
5232
1891
8261
-7405
293
-6087
6621
-5460
-798
-2859
7147
2669
-4752
4594
-1098
-9577
-8779
-9549
-8778
4256
-6457
7126
4973
-4426
1222
3894
4431
5609
3407
4458
-5398
-6853
319
4874
-5697
-983
6339
-7112
4010
-8926
-5155
-1809
-1258
-3977
-6318
2605
2352
-8284
6395
3384
182
-2480
9858
1824
-3181
-8903
7419
-2920
4747
-2256
1462
7476
1459
-2385
8281
3498
-649
596
941
-3627
72
3659
7510
868
464
-2107
7505
3911
161
-5488
434
4279
-5720
4407
5773
-2924
2799
-4334
-5663
5031
-210
-8711
3083
8563
9268
-3755
4125
-1711
558
-1373
-9626
-664
1034
9880
37
-4522
887
9306
7350
-3245
2516
-2994
7088
-7678
9938
2722
-2842
-1786
1060
9779
-4390
5987
-2362
1932
-7465
6171
-4665
-7877
2039
-9343
-6216
-6136
-7623
4748
9423
-4146
-1796
8592
-465
-6674
9371
-6109
-8732
-6153
-6842
9143
9869
-3932
1404
3171
-2168
-6644
8256
4043
3992
8427
-952
-4839
-5298
7160
-2081
5342
-8815
-4599
-4648
-9153
2940
2511
6105
6553
5665
-4844
6483
9666
8777
-667
1555
-6602
9433
-6229
600
-7926
-2489
5671
-845
-2058
-904
6958
3841
-8051
7879
-2530
-42
-1598
-366
-4973
-1905
2615
7864
-6745
-5337
-6932
-5789
6571
-9259
7703
-7605
-6211
-5550
-4661
8790
-5973
-9149
7709
4913
-6681
2470
-5417
898
3486
-3726
-1120
222
9538
1712
-3666
-9658
-201
-9236
6275
-3383
7782
4251
4136
-1187
-9631
6006
1799
63
2672
-3944
1603
5528
1488
-8465
8748
-8242
108
9544
9723
9393
-1245
-5098
9653
-2137
-8162
8514
-5134
4459
6745
2814
-846
8028
476
-8300
-6597
-5435
-4474
-6978
1363
9976
4420
5765
1537
9567
7730
4064
597
8788
2050
9792
-840
9769
953
-5525
-4162
2879
8232
-8454
-7683
259
8190
284
-7100
-7047
-6315
-7745
-5344
-60
-1142
-2455
972
-654
5172
-7860
987
9192
2077
7056
-4306
-7749
-637
-3229
8641
-3280
-8684
-692
5605
-5978
1222
5561
-3913
-5725
8030
3197
6946
3017
-2141
373
602
-7444
5197
-7504
60
8058
-1113
4069
2173
970
-1577
-578
-6434
-7498
-3347
-8187
-2275
-9237
-531
641
2894
8183
1570
1041
7518
4193
3396
-896
-646
-3668
-1263
2005
294
5414
-2879
1763
-2876
-9951
-1378
9424
-859
-3506
-4051
7324
6769
5586
5742
2189
4728
-9367
3155
7789
107
2681
942
-9884
-7176
4913
5566
-2106
2534
-2625
-6309
7932
8029
4275
-9599
-5002
-7082
3585
-6159
-8299
-3613
7561
734
-1309
1549
8870
2394
3825
-1601
7522
-6178
7596
3048
-966
7084
-2600
3639
5269
-9675
-5983
-6584
-1829
-2846
7450
-5756
-9540
9922
7937
7533
4883
-9571
-1722
9388
4216
-7528
-7982
-8039
-9353
7482
5812
-3834
9953
-2933
9979
-2189
6839
8704
-5542
2631
1673
2110
7093
-819
393
1018
-8468
-6404
-7959
-7059
-5585
1636
-2223
-4131
-7924
4572
-2517
4158
-5677
-4792
-4337
2959
-5208
-7033
4931
4152
-4552
1963
8615
4267
-1503
-8102
9401
-8206
8216
647
5250
-4399
722
8892
-887
-9335
-3734
-4798
2696
-6166
6691
-6950
-5988
-2738
3886
-6374
4346
-6011
-1776
-3072
-1516
-9803
-7052
6858
8840
3739
-8956
4901
569
-5436
9414
-9317
7450
1645
-4841
1783
7396
1209
3187
-2556
-9572
651
1425
9796
7765
-1611
1120
3544
122
6425
-7825
2941
3947
-4847
-8607
-3571
9217
-2523
-8356
-6953
-8914
-314
1432
-5501
-3314
-5451
-8266
-7172
8768
206
2876
-6699
-5974
2899
8357
-7720
-1551
-164
-5521
1954
5973
-8245
-1819
9467
5349
9019
7634
8441
20
2145
-3263
-6188
4630
-9679
-116
-7621
-7587
-5012
-1705
727
-9712
3617
-1699
-600
-6254
7630
-9531
-9862
9827
8330
7271
-6371
7017
2944
-8153
3268
-2383
6002
-429
-5884
-4506
-4264
5397
-8910
5163
6771
-7171
1063
-6106
8992
2653
9951
-1434
4607
3740
2578
-7248
-9142
-3423
6050
-8925
8437
4336
-962
3102
3065
-3905
-8831
6520
-171
1662
2277
696
-7146
-7874
8594
-5379
-7786
1859
-379
8682
2190
-9398
8997
5510
-8791
8299
-6351
-293
-665
-5242
1091
7599
-8709
1005
5362
-1682
-7211
3946
5259
-9437
443
5006
366
-1471
7202
-3676
-2140
-6921
3025
3205
-472
-7996
-3931
2333
-9468
7947
5659
1066
-5274
-8055
5006
1184
-8201
511
8011
3739
-4151
6198
-1151
2319
4842
7707
-3690
-9616
-2751
-5618
-5066
336
-2829
4245
-1562
8480
-5423
7067
1692
-1148
-8563
5704
-6922
-7072
1019
1994
8242
7181
3630
8945
-6718
-9750
3376
-8758
4374
8444
4044
-6351
7502
-7222
-9778
5882
7531
-571
-1425
-6716
5929
-8037
91
-6391
-1786
-2533
7338
8333
8886
7360
512
-1517
-2704
-619
-6911
7828
-173
2854
-3949
3482
6296
1304
-7035
-7317
-4748
-8763
-2671
-5329
5497
5297
8805
-487
4564
-4435
2073
-3638
-4891
2379
-9592
-1493
-9634
4824
-9473
8837
9920
-6580
-691
-5483
172
6113
-8427
-893
-6255
-8418
-2084
7038
-4115
-3809
-9819
-8690
6019
915
-9906
-587
-8829
4076
2815
-9376
7216
-744
8466
-7901
5870
-2666
-9651
7499
-6070
-4096
-5330
9916
-5655
4807
-9864
-7212
3102
7096
6467
1706
-637
5730
9815
3693
-3743
-3598
-9642
8874
5768
9923
4293
5597
-9196
-9477
-7377
5138
-2373
756
-5297
1086
-2453
2516
-2840
-4537
-6861
4460
-5429
1524
6430
-2925
-7447
5063
-700
-154
17
1397
-8119
-4296
-9392
4068
-2187
-4756
9159
2166
-5234
-3607
6130
4346
-3882
-9480
2848
7045
1665
5129
-4539
533
-3306
-8774
-6955
1290
4446
-1455
9142
7527
-9038
1494
-9286
8813
-4914
-4173
-9953
7623
-4636
8451
-5460
976
428
6363
-4905
-9961
-7546
8851
2018
6425
-3643
-9917
5879
-7330
5764
-479
-8324
5029
-4217
-1038
3164
8457
-9104
-1342
8918
-5519
-2288
-1026
5305
7566
-5635
4487
3025
-8061
1856
-1575
4471
8923
-3151
-4326
-213
1762
-994
4235
-7330
7449
6986
6524
1841
8017
8268
4724
8291
-1400
-8286
-198
-946
-3765
-8193
6173
-345
-1888
-8727
6137
2807
-8673
-8382
2812
-5473
8711
7990
4375
749
-6752
-5957
-9067
5260
6964
-6056
-7569
7375
3394
9126
40
-2844
-9746
-2683
-4648
2191
-4988
3299
8586
399
-1856
7923
1948
-5996
8033
4584
8418
-1942
-9541
9500
-8592
7393
286
1037
-6080
4353
8333
-67
-3176
3900
-3164
-7588
-6268
5157
-3562
-5943
5490
-4965
-5683
-5655
8597
-431
-1773
4468
9980
-9056
2918
-4426
1898
1816
6381
4964
5817
2163
-355
-7636
-1470
192
3869
-5309
6492
-8120
6784
2169
1608
-5803
-5240
-4046
5425
7878
8857
3396
3103
8359
5082
-7711
5266
1445
-139
-4394
4291
-110
-1218
2322
-2202
2468
6003
7853
-4538
-1812
-757
5425
-5970
-2091
-1895
-6783
411
9218
3316
678
1169
-8980
-7753
-6464
9256
7064
6852
4062
-3485
3418
3430
-9105
-5674
-6449
1645
-8286
2310
-1494
1932
-8189
-5889
4770
1664
-9611
6982
-6304
-191
6282
3593
4553
-7360
-1674
-5229
3949
-4110
-7882
1947
-5711
-1659
-5553
7548
9649
7288
-8192
35
-6779
-3039
-1571
2110
270
8364
-7409
-3367
-6817
-4663
-2966
9444
7534
9403
7256
1152
-5868
5740
-2510
-6887
-7548
-742
6673
-3845
2401
4660
7055
-1435
2507
-3665
-5295
4758
-5777
-1948
-3739
3554
-1433
-8138
-8918
-5826
2796
-4305
-9933
-7703
-869
3737
5768
-146
7483
-3476
-4156
-8142
-9090
6225
-2112
-83
-2016
-1003
3785
-9984
-3019
-4573
5223
-8557
3763
8416
-9448
9744
-9802
-7718
9154
-8152
-9247
7857
-6760
8251
-2118
393
8996
6202
2293
-8577
7054
-3100
-8152
-4768
-225
4841
-7737
-8203
-827
-5480
5916
1838
905
-3659
-7755
555
-5280
-1567
1762
-7083
-6543
-5416
-5680
-2117
-1008
-3845
-9850
8309
5269
5451
-4966
3255
420
-4653
-9313
5697
888
-223
9928
-3340
297
6623
5278
-7943
576
-1074
9599
9575
-1414
-1917
9572
-9189
-9676
8407
-381
-161
7913
-2351
-4811
-406
1907
6728
6236
-574
-5440
4838
-3679
-4696
-9733
-3711
1452
-3066
-5164
9356
-5836
-1533
4331
-5917
2388
-6798
-3571
924
1113
4923
-7108
-5918
-3056
-7322
7011
9564
-3555
6812
-8118
-9723
7519
-809
9713
-1571
-8967
6395
3
-3043
-7342
-9121
-1482
-5320
1798
-8854
-9789
-8830
-2173
-1958
-6844
3712
9431
1465
-2504
-1043
-1468
-7265
7218
714
7843
2269
-8037
-5253
-2435
-6540
-7972
1138
4223
-5349
-2843
-7522
7061
-1595
5899
9338
8315
5840
-7039
3143
-4616
4550
4247
-4481
7268
-1849
5172
-3336
-423
-2679
6437
6937
-560
2063
-7533
-9875
1928
-8996
-6114
-4493
7310
6672
6822
-3089
7402
-4072
-2091
5715
9277
7102
-9345
-2422
-7737
4301
-617
-4904
9343
-1483
-9200
1810
-7059
-1542
457
-4327
-1733
-5119
9985
28
1051
-7122
9172
-5300
-9228
2169
1847
362
-9977
1379
-7019
-2319
1099
3485
9615
174
-2149
-9683
2478
-9877
8643
-2304
4004
9521
-5721
-6565
-1855
3409
4234
-4305
9288
9731
9810
4970
-7578
949
-5979
9034
-8905
8622
-4063
-9365
-6120
9136
6267
-2497
-8808
3443
3702
4238
-1880
-2159
-1492
5152
6477
2589
8612
-1727
981
-768
-4131
9271
-435
-3840
-9680
-7290
-2691
-2616
5428
7906
-3417
-582
6323
3790
6562
8752
-6795
5227
547
2404
6485
6318
-465
7444
-6301
9965
8170
8601
-1414
-6843
-7216
6909
7225
-472
-4461
5086
-8176
-1957
3559
-3062
1110
-7033
3381
5820
85
-2167
-3649
-5043
-3658
9468
2287
-889
5318
-6458
-9272
3876
6190
308
4542
-5645
3842
7896
9354
-7609
-9095
-1769
8028
-189
-5959
6201
-994
7289
-9819
-3984
-9306
-43
-3333
8748
8597
6871
5304
6361
9128
8401
1056
126
3061
-340
1358
-6289
-6062
1222
1475
2534
-8223
-4003
-6663
3586
9137
5751
4982
-790
-3966
-4534
5850
2740
-7277
-4021
-310
-782
-8228
-5158
2181
3299
-2330
-9733
-7669
5972
6807
-3127
9744
7571
-3563
7331
2998
48
3579
-6723
-4677
-4767
-5497
-6646
9492
-5782
657
-5913
-4937
-8123
-5808
9940
-5951
2822
9027
3925
-8690
-4187
8108
1686
-5659
3113
754
1858
368
-9662
7965
-6059
7185
8932
-3902
2142
-672
-201
6442
-7829
-6099
-942
-5832
9648
-1040
7776
-9507
2754
3145
9955
7747
-5202
6158
-2399
5786
7106
-412
-3264
1137
-3110
772
-509
2774
4350
-4658
-6719
-6318
-5097
6158
-8982
-4982
3419
8652
8492
1617
8877
3196
739
5982
-3286
2256
7573
1081
2938
4564
-4300
-9362
-1279
-6315
-2962
-2718
3773
-8511
2824
5575
4666
-8752
-3016
-8564
1963
1115
-839
-3313
-1267
-2758
-1982
-3867
-239
-4149
7208
-2170
-9695
5187
-9080
9996
6052
-8247
73
2230
-6944
5490
1946
9273
-7987
-225
7542
-9809
6274
-6019
-279
-2216
-1782
-6374
-3342
3156
-8131
-7635
1465
-4195
-6865
2603
-8890
7640
-9481
-6642
-1311
3207
1544
-640
6861
3326
-5571
1942
-7199
4801
9067
5172
-7496
-8759
-7817
-2908
4444
-1735
-4100
-7149
3840
-9017
9682
6321
9702
-2429
4961
826
3855
1868
2635
-4634
-3694
555
207
-3233
-579
1220
3173
1758
-6564
-7290
7926
6001
-2303
6179
-2630
-5663
2186
-4311
8735
-6470
-4914
8595
5826
-6652
79
-3448
-933
-1865
3644
1038
-549
3710
8418
1465
-477
169
-286
1247
4404
-4302
3685
-5665
9477
7696
-8187
7697
792
-8712
9868
-6895
-5822
3618
2097
-2526
-1602
6059
4888
6049
3941
4146
-3041
-5629
-6535
7673
6311
8444
-5438
1642
-2225
183
6498
2766
2315
9036
9105
-9834
3505
-1131
5120
2635
-7183
-1335
1663
7417
-9492
-6947
9230
-3214
9584
3714
8614
2985
-3628
4794
-4882
-3283
45
-991
6918
-2391
-9663
7523
5351
-432
-5561
1827
2803
-9567
956
-234
-2926
5902
-9415
-4663
1712
-8529
-3563
-1012
-3974
-1363
7842
-1284
-4750
7225
-6879
-4651
-4455
-2538
2988
714
419
6683
-1749
974
9848
-5042
524
4467
8835
9649
-6036
4709
-5907
-8650
3346
-7560
1677
4331
-7526
-6611
-1445
9833
-8036
7244
999
-2407
-9268
1770
-6054
1364
1259
-6205
5213
2704
-7463
-6857
-1439
2060
8056
586
-2838
8858
1094
-1881
1675
8311
-2552
1620
7284
3017
2972
1101
3743
-3071
-6991
-786
-9306
5089
-8434
-7646
6530
-7118
6294
-2895
-1760
2151
-5239
-2693
-2247
-1992
-1717
6644
3654
4276
-2399
8661
-5383
7306
-5557
7406
564
8323
496
6548
-2342
-8070
-5497
-6701
778
-4232
6987
7081
8015
730
9270
-5637
-2057
4776
-7498
2750
2198
2648
895
-2421
-9698
5084
6930
8502
1848
-4822
3368
3395
491
-5586
3160
5861
8211
-5112
2791
-4286
9812
7673
8792
-44
3459
-5076
9014
-7332
7542
7087
-6331
-3458
-4612
3265
-9000
6779
4870
4974
-1926
6913
-9897
4401
-6474
-5433
148
-3596
1343
-9783
-331
-7842
-72
-3154
139
-1850
3915
7713
7252
-853
-664
-4043
-9914
1018
6915
-2346
-9345
-8089
696
2896
5469
1464
5208
-4157
7669
5913
-9220
7834
9844
7673
-5044
-4028
-8426
9927
6064
-4354
5875
-4690
-6946
-2109
6307
566
-2860
-6503
-6594
-4798
-8949
-9221
-8262
-82
-2798
-1988
-826
-1369
7623
-9982
4900
3477
6314
-6085
4746
-7723
-1469
8225
-9098
-8466
169
1833
7045
3979
-6404
4135
7726
-6158
7907
-7776
-1142
7007
4617
4460
3660
3091
243
3385
-9044
-4950
3121
3
862
-9923
-6482
4589
-6161
-2071
-3704
3914
9281
-1777
-3898
7033
5768
7537
3319
944
1845
1871
3984
-1331
6973
-4950
8142
-6597
-4303
8972
538
-6657
9871
-7944
-8999
5843
-6782
-4262
-9332
-6089
2451
-9624
-7233
9782
252
-5596
6681
5588
7292
3342
-2354
3425
-8152
1242
-2685
6979
-2726
7977
9399
1348
-5417
5639
5101
1104
9406
-9665
-7743
4538
7082
4019
8693
-5321
-4114
-6348
-7136
-6653
-2839
-2290
490
2396
-7319
-6947
-3630
2505
3941
-336
7041
-8031
8252
6535
8479
8080
-3474
1648
3689
772
-3614
-6646
6205
-2715
8169
-7821
2061
8733
-7675
-3628
313
-4587
8510
4809
-6236
4407
-7482
549
-7277
-5928
6010
4730
1334
-2388
1303
4722
1496
-5066
3350
-5265
3241
8455
-3006
4342
6623
-5901
3542
9479
8948
6332
-8452
9830
-5361
-7045
-2842
-1636
-6647
-1551
-6711
-7671
2201
-6294
3993
-7524
9928
6401
-9295
3468
-123
-9693
5596
-8924
-9768
4694
-5742
-4284
978
-8749
-6560
4713
2259
6160
8879
-2746
-7511
-675
-6946
5033
-6876
7123
-5850
1063
-6245
4517
9639
-9899
4345
9217
-338
413
4967
-9188
9179
4463
-2412
-8917
-4390
-3985
-1706
-437
-7165
-1089
2046
-3293
5083
5797
-7231
-1945
-7709
-9896
9925
-2359
-3481
3508
-9521
9863
-5234
5721
3451
226
-8390
1701
-9715
-221
-4409
5765
8831
-1991
-4391
-9736
-9163
-1979
-1501
-8493
9080
8425
2765
1189
-2827
3767
-2746
-7836
-6601
1072
-2261
-6374
8178
6480
-1177
3442
-1968
7879
-6429
5667
-517
-651
-4696
4867
-8190
2661
2600
-7991
6644
-7116
-183
3917
-9726
7057
7868
2218
8922
7853
-3446
9705
5359
3202
-5596
-9329
7631
3364
130
662
-4140
-8365
-8639
4872
-8182
-9202
5617
216
6957
-4581
-6608
5303
2146
7563
419
-3972
3582
-8927
1955
-9183
5179
-7858
-4507
870
5843
1734
-2033
57
-346
3333
623
-1270
8439
-1453
4297
7765
17
-631
-9120
-1757
8146
8900
-9709
-8004
-4530
373
-9605
-4934
-3497
6900
-9737
-2714
-939
4132
-7740
-1321
-9312
2318
5797
7606
1994
2163
-9645
-3305
-4233
6242
155
-9539
4174
-9057
-6270
-2884
2167
2364
-2118
-7900
8602
-7508
7086
3462
-9460
8862
-1918
-1880
3494
-8261
-5143
-2581
-8195
9990
-9796
-6459
-6841
-8942
-5742
9907
-8732
-8893
-8797
8754
-7151
2254
-2360
9444
1992
1281
-9104
1418
-633
1005
-7158
-2101
7626
-9384
-3068
-4894
3880
-5008
3140
905
4933
-4787
254
5377
8935
2220
5303
5896
324
3452
-3732
8299
-3348
-4523
6928
9584
-2306
1989
-339
9957
7019
5455
563
7056
-5895
-3876
-900
5491
-4267
8829
-561
3197
-5435
-3100
-7267
-5392
-7016
4641
-5716
-4646
-6331
-7065
-1659
-358
9347
-5625
244
-3135
7189
-3087
4283
8140
-4516
1725
2785
5383
6113
272
-5818
-2885
-4876
-840
-8809
1823
7241
9095
-3794
497
9333
3425
-8067
3241
7559
8027
-2095
4054
-9767
682
-65
-7146
-7786
5355
-1768
-1784
5171
-7863
7475
142
-3842
3542
-3919
2000
319
-507
7609
5563
7557
7715
7099
6004
-4867
-3861
488
-8744
-8825
9519
4657
-5291
6857
-3322
6100
1963
-2410
-3480
3561
3172
-5349
5711
8469
9678
5293
-4509
5037
982
7736
3982
-3088
4256
-7926
2880
2501
-8754
-9720
4293
5705
-1683
-7024
-90
-4866
-8751
2633
7896
9501
-2377
-7290
-8599
-1693
-2233
-1312
-9483
899
7161
4805
7491
-2862
-7155
-5775
-5327
-5975
8278
4751
7133
-1840
5267
-8736
-4166
1060
-6842
-9331
-6239
5944
4133
-2035
599
1554
6752
-2772
-1583
-2862
7336
9156
4856
9981
-679
5632
-8219
-3809
-4820
-1612
-1945
4086
8013
6148
2684
-6796
-9909
-2292
-220
6661
6844
-1609
993
-6586
-5401
504
6731
3857
-4129
1897
-3015
8477
3548
8898
8524
-3591
854
-9682
4454
-4273
9169
8548
-6839
-895
7983
-9849
-2251
-9831
-6764
413
-3404
-3003
1217
-9184
6952
9841
6650
-1053
-5108
1136
2855
931
6987
5872
4884
7072
-5216
2897
230
6673
-8630
-8548
3945
-2877
-4027
3163
-3800
4150
6233
-4109
6813
6150
-1250
7456
9837
2082
7437
4361
6294
-1318
-9629
3285
2421
1577
-7955
3896
-3075
6199
7838
-9092
-8355
5872
-5726
3206
-2969
-879
383
-117
4979
-7827
-7713
3818
-3457
6040
9514
8320
8482
-5214
1535
3601
-1710
-4481
-752
5367
4349
984
1025
553
-1118
-6879
611
7461
-1311
9281
5376
9582
-5573
-7854
-2447
63
-3132
-8351
-4648
-1143
9129
-9109
7179
6029
6531
-3827
1225
9277
-1476
6003
-7424
8443
8941
-3184
-737
-2978
-6186
-2726
-5330
-5916
632
2092
-1787
-2355
-413
6205
3949
-9283
-8563
-6054
8631
-3742
1542
156
7571
7846
-934
4731
6563
6296
-1646
-1651
-3799
5891
718
-6316
2612
709
2334
7280
8546
-1290
462
-5186
-4543
1692
2132
-1964
1196
2128
8699
-7340
9721
2718
-6777
3282
1173
-3592
-1480
2441
2560
-1852
6118
-5002
-8726
3442
-196
9718
6665
-2561
5089
-2459
-6414
-1884
1022
3826
69
5926
-7979
9703
359
-2806
-989
-3440
-1057
-3670
-8971
1268
-4282
8128
7522
6270
384
7609
-2474
1512
-4174
8051
3601
-102
-8634
-615
3805
1168
-6183
4544
153
-8283
-353
-9913
890
-6012
3201
1714
-7496
-7371
-807
-5374
-1281
6905
-396
7098
-9462
-1965
9739
5119
-794
1341
1740
6049
496
-7705
-6383
2490
6225
-846
-3743
9720
-4994
4126
-5249
-3671
2701
-5346
2218
3476
3681
-3450
-709
-3013
-6820
-7790
71
-7203
6137
4265
1832
-8167
6671
1848
-2865
6583
-5307
8545
-6665
9270
-2387
-9366
-6001
5100
7290
-8747
-4673
-4070
9806
7154
2149
6753
2946
3762
7166
5025
9459
5893
3660
532
-8932
-7650
-5164
2181
3765
-8343
-5980
-2277
2027
-2782
2584
-4114
-6632
-6032
-1186
4984
-3943
5461
-2118
-4462
7255
2100
-8097
-5610
-8239
4796
-1678
-3642
8068
498
-2740
7353
-8130
-3040
9178
-6763
4246
-4867
9285
-3490
-8474
-6098
-8789
-3714
5899
2791
-3052
-3654
1619
-6001
-5996
-5030
8218
-1901
7971
-959
9436
-2736
4974
-9714
2699
2908
-1115
888
-8705
2441
9253
-6032
-1636
-6835
6172
4430
130
6098
5980
-7452
-8126
-401
-6507
2054
-3523
7855
3583
5324
-103
-9708
2133
4853
-636
6738
-8858
737
4252
6690
-7386
-7368
-4540
-3448
-4652
3687
-4066
3567
9362
2032
3490
3023
-6680
8997
5231
-273
8798
-4895
-3679
-7151
7300
7421
2112
-9497
-6820
9372
-5113
6264
-7441
2652
-5240
-2402
-7782
6267
-9120
-1212
9414
8953
7840
-8539
-7076
9121
-9116
8416
-9349
3700
-1181
-3940
791
-1385
9357
4589
1709
-5236
-5297
-9486
-672
8999
1016
-6008
8939
-7684
8667
3053
-6634
-263
-1229
9341
-8646
8164
-3430
-3418
4864
-2600
5754
-6515
7522
3931
5291
-2563
-243
7111
-9490
1931
1628
6445
4977
7657
4187
784
9641
-7797
2063
4370
2918
540
-4065
9233
-4128
-6328
8910
7118
4119
1190
5419
-9297
6798
2375
-9526
5842
-155
-2603
-2932
-4750
-1192
2601
2939
-8630
-1930
-2810
-3175
-2144
-5977
-5929
8805
9755
-2686
-9582
-3976
6398
8610
-9552
-1007
4106
5739
-47
771
3547
-6631
-3186
9653
2391
1472
9972
1825
3814
6562
-1488
4841
-2886
9282
9998
7529
6737
-8378
-9384
9953
-8589
2164
-5547
-251
5425
8253
-9076
3101
-6224
4777
-1951
-6115
4778
7170
-5188
2263
9323
-4580
-2918
7205
6931
-5328
1878
-4757
-6183
159
3244
4571
-2022
-803
-5423
-5599
-1683
9845
-3415
-5414
9960
-9392
-4595
-5594
4622
-1044
6262
1326
-8971
788
9912
8066
7112
332
4101
840
-646
-9252
6068
-5063
6991
-902
4501
5017
-7509
-8285
682
6007
7212
-9541
-2650
-6191
3365
-1697
-1339
-1127
-3800
4950
8938
2745
-1547
8665
4307
2413
-7823
-9004
-1685
7477
8896
8517
5994
-5568
-7227
-3954
-3144
-6986
9555
3327
-5871
6348
5797
9652
5683
8988
-8421
1615
1487
1315
-8434
3058
4939
1879
-8703
2671
-3762
-100
2117
3977
8570
3703
-2726
5804
1132
-1320
2067
-5741
-8854
7881
-2148
-2208
-4570
6550
-6984
-7112
7301
-9366
5288
-7114
-1367
-1329
8838
3006
6143
-5614
9067
4917
5194
9496
-9117
2175
-3955
-7424
6824
-3929
5162
-4511
-5523
-9635
9818
-4643
-4004
2053
-1105
-9241
-1322
-6831
-8404
-6785
2911
3542
-7994
6860
-1260
-3638
-9259
1756
8734
-2765
8516
-1477
-8301
9055
-6884
8630
823
-9762
-8405
-3562
-7241
6346
-3925
-9649
-6790
-8939
-412
6001
-9012
-1382
4339
1400
-6326
8125
-819
-5923
3729
4477
-5616
-1873
-1903
6059
4201
5976
-3047
-8544
5653
-2795
2842
-4888
-3984
7646
1463
-494
-5555
-4393
-986
873
5952
-8681
-3179
-5453
9494
-7702
3554
169
-1369
-3174
-2081
927
-844
-3927
-5603
5272
-2761
2163
5081
-3361
364
25
-1631
210
-9848
-6334
9035
-4737
-1877
1302
9045
7568
4596
9951
-3562
-1310
4925
8053
-7806
-3452
-5263
-7769
-9941
-417
-2615
9351
-1971
5496
9892
-1878
-2625
2831
-5251
-8289
3656
-6775
-3222
-3915
5318
-7597
6585
-7879
-9814
8699
7934
-6068
-1474
9869
-3161
2014
6942
9388
1851
-8294
4582
-7640
8802
2735
1288
5744
1477
7279
5755
-1770
-460
-4431
-7806
6161
1345
9535
-1106
-7149
-9143
8349
-5254
-2850
-5988
-558
-4732
4929
-3902
3920
-5997
-722
650
7730
-6898
-2723
7640
-8846
4321
1588
2493
-7575
-8768
-5520
-3856
2277
7405
-3375
-5533
-2591
-9003
8195
4183
1936
6823
8429
3667
-9085
-4983
-9337
-2205
-2233
-5349
3413
7609
4016
-6549
4740
9942
3095
-2110
6118
5266
-3404
332
-5995
4292
-8788
4284
9820
-1653
-6011
7718
-5826
2480
-573
9187
-2965
-5887
2565
-9405
7318
6861
6221
7663
6175
-8386
3869
4397
-9757
-2040
-4090
-4072
2086
3302
1552
6778
2472
3840
-6524
4957
-5258
-4143
-2875
4877
-4697
-2665
9158
-2086
-4414
-7245
7790
9605
-6170
918
-5375
-8991
-8359
3029
-3876
-2544
-2393
-1305
5974
-8059
-4258
-9466
-2463
-7209
5910
-4519
9465
1183
-6777
-3469
8694
9614
4487
4790
217
9572
-6057
6950
3019
-2604
6954
3953
-5735
-3218
-7775
-3822
5724
-1629
1584
-3532
3451
-3903
2188
-8853
3158
-5371
7237
-3780
-9869
7033
4777
-6495
9769
5446
-3995
2411
4697
-4509
-419
-1921
9190
643
4099
-8744
3052
-8005
4067
-5770
-5036
2728
517
-7826
8874
-5308
-9740
8246
-1309
5353
-1802
-1667
8793
-773
3476
-9380
-1201
3235
-7940
5343
-5136
-7329
-7228
-6990
-9399
-6736
-7868
-3300
3480
-8685
-8057
-4140
-9890
-8786
5770
-8143
8758
-5828
6998
-8115
1337
3406
-4071
5846
9681
6540
-2506
6011
-1996
1621
3631
-918
8569
-3869
8130
-1733
6092
-9265
8679
-6102
-9050
5123
-9118
-3144
-3126
-760
-9333
-1557
-8725
-3310
-1940
2094
70
2812
-7209
3284
-1549
-6314
7775
-5554
-8718
-7956
-6662
6995
-1173
-5205
3661
-5032
-7260
1713
-4720
976
-8996
-4180
-8402
-1037
-8895
2026
8519
-9648
9707
3835
9268
-295
-2832
8238
9636
3008
6932
197
2267
3503
3017
-2359
-2265
2644
1978
-4356
2836
1389
2669
-9765
-3762
1189
7504
8327
6718
9290
-6864
5939
5420
-7072
-9319
3332
2724
-6144
7559
-4492
-5691
9354
5397
-2177
-3049
-7924
627
-6837
-5347
-6294
-7344
5206
-7814
2795
3047
321
-10
-7621
700
4264
-2288
-2274
-9859
-2810
815
-9585
1381
1552
3991
1214
-8834
6868
6181
-6394
1418
-8368
1466
8619
-3521
-5042
-1547
5301
-7263
-6017
2314
6272
9776
-2072
8907
3670
-814
-1013
6034
912
-2449
-3313
-80
9835
-5581
7510
-4739
595
-4682
6055
1902
5800
-9377
-5076
3628
5040
-4379
633
7175
3347
-7270
9248
-7328
-5224
-5046
-6032
-2703
2232
6606
9113
1262
5361
-3318
6560
-5606
5844
-8559
-4636
3223
4348
9031
-8483
7611
-2712
7982
4686
4765
928
3326
6933
-8545
-395
9187
5278
-278
6508
9887
1444
9553
2599
1475
-3828
-3100
-9931
3222
-1483
2173
-2761
5218
-1125
2304
5506
8451
-5209
-5999
-5974
2536
5126
-6441
-5945
3493
-2608
7958
3871
1513
-8444
8290
2963
5277
-399
-9156
7797
3679
-2445
-5217
5541
-2872
8639
-2466
-9580
9420
-6248
5944
2874
-5082
-7290
7874
-7300
627
-9763
-9796
2284
9733
-5179
-7442
-7749
-2816
6464
3012
6980
724
-1055
-4072
-8800
3330
2189
-1444
714
-588
7984
-2741
-2161
-1409
-2284
-1855
-8087
-3161
1775
-8130
7170
-3601
3151
-8460
5614
-8963
3268
-3507
4869
1652
3168
4797
3690
-5591
3317
778
8145
-6465
-5946
323
-920
-6697
-8754
-4193
-8867
-9750
6816
-1955
-6641
2328
-2318
-5310
-7695
-79
-3554
-5679
-9309
2916
3195
-3722
4263
6215
5910
1045
-9883
-7766
4792
8717
210
7468
-5606
3968
-4080
-4639
-614
6180
-5686
3622
8758
-4407
2
-57
785
870
253
7527
-9549
-9783
-8533
-6356
9349
-6414
2855
-4283
-109
817
2781
-9051
6907
5687
-2086
-1742
1211
143
1793
9488
-3543
-3953
-9604
-564
5066
3205
5695
1328
6098
-4331
370
-8265
-9790
-1043
-5698
4759
7619
-546
-1695
-7073
-2119
-5173
1756
-3861
-5153
-3374
-2872
164
-3371
4481
1943
1656
1239
-1242
6841
3593
4362
1786
-1289
3295
-1721
492
-914
-8349
42
-1132
9104
49
8473
-8429
8209
-6136
7450
-2644
-5027
-7811
3597
3632
4987
-3315
3728
3684
-2360
9096
1797
-4260
-1257
-4318
-1366
-9639
1618
9001
4448
5423
6340
4857
-2830
-7862
2901
7678
-8051
-7883
-4583
5698
-4019
-4471
9072
7826
-3562
-778
-8567
7169
4708
9883
958
8595
879
-3560
2197
-9648
9321
8113
330
-5779
-6610
5086
4499
6291
136
-3201
4086
-5092
-8523
-1000
-5879
-5752
3909
5382
-9355
828
5827
-9324
7651
-5440
4073
7482
-798
-9377
-6916
4277
-4616
8484
-537
5934
5661
-3483
-8814
5060
-9034
-1298
528
5849
-1790
4723
-4356
2094
718
-1233
-1436
1541
3585
-6878
4268
7501
8768
8315
-3310
-2557
1926
-4051
5656
-3567
-3770
9227
2991
3895
9568
-561
-9082
-4048
-6690
-2815
-2152
-3955
9494
3212
127
7485
1162
5522
5759
-5214
-124
5628
625
7524
-967
-9127
1015
-4690
-2597
-8472
-3307
8880
712
5340
-576
-8742
-9488
7928
235
6925
1787
-9927
5402
-3575
2269
85
-9004
867
-555
3382
-2391
-2551
-3789
-5053
6470
1596
1391
6751
-5580
8458
-4384
2234
-1851
9222
3846
7743
4887
9184
8086
-1527
-5058
-3951
577
-3567
-1294
5003
-3127
-7456
8777
-6492
-8950
-752
-798
8425
7896
-556
-9156
6751
957
-6395
2058
9115
-5668
7000
424
9026
5328
6134
4252
-5934
-1036
-4253
-901
-6311
9997
-4232
-4892
3732
-8229
3150
-2061
-1788
-6749
-842
-5270
-4123
-5649
-213
-8595
-5759
8172
2832
-4678
-3511
9523
-5063
-18
-2611
3000
-7674
711
-6801
-743
7488
1133
6607
-728
-7249
-3470
-2651
-7962
-546
-9676
1358
8576
-8169
3149
-2161
1679
2589
529
-8653
-830
555
-802
6060
49
-6169
4412
-9366
-9385
-1239
4602
5961
-3511
-4949
-5858
597
9087
-544
2009
3640
1131
-7839
-8995
5932
-891
1701
3014
-5068
16
-9675
4559
-8283
4970
6670
-5180
9290
-8509
-8140
2618
-8477
2270
-7642
4348
301
-7551
5076
6248
-1261
6178
4248
2566
-2614
-6997
7355
2183
-8900
9082
-4937
2799
4304
3883
289
-4955
-5388
-5814
-8906
-7200
-135
-5188
5006
1049
-2484
-7484
4544
-1102
697
-2454
-8591
1312
-342
-3735
-9060
-7046
5597
-7192
2435
-579
6368
-2062
-6588
-5945
-4075
7526
436
-7792
-8170
-5126
8033
-4132
-5072
-5358
-7042
-6952
-4500
6576
-4703
5642
-8338
7980
-4289
7599
-4170
-2540
-8272
-2487
-5081
551
-7239
7287
8834
-2858
-1089
8723
5366
3658
-3336
6361
5102
-5223
9002
-7469
3744
-8798
2811
-8703
-8832
-9109
5440
-2776
-1595
-8859
9589
9326
4625
-7006
-5557
5233
8302
-7535
5523
540
918
5841
-8318
8369
-3386
9378
-9802
4160
-4704
1119
1695
3684
-2975
-9148
9711
-277
8175
-7875
2649
7900
1212
-5539
-6593
965
6725
4847
6022
749
6666
7153
-2030
-211
-7333
8187
-1003
8384
-9968
7111
-8193
4151
-5305
-1209
-4939
-1794
2730
3237
8106
6712
4807
-2047
-3579
8310
9744
-1558
5033
-367
-371
7856
-7607
1467
-8965
-6671
5838
-3228
9682
-4344
-7312
9405
-8307
-8667
-3186
4275
-3588
-8772
7222
6605
4351
-5031
5946
-3855
-7243
6003
-4486
-9258
-7786
4670
2512
-3684
-5527
-6586
26
2482
6941
-609
-8401
-9555
2103
-7736
6922
-4847
-2117
-6468
-7011
-7366
-8218
2623
-2833
4611
7914
-4548
-7943
2099
-3005
-7591
4577
1388
5348
-7609
-6778
9193
201
-8240
5541
-8560
-2655
9628
9987
-7387
-6258
55
4704
-4193
2754
7719
-8470
-7929
-3758
-4623
8317
8876
-8994
-1398
-8174
-6189
-5570
-4063
1852
-4846
1528
-3768
-2606
5145
-9751
-8462
-4874
-2086
-4910
1212
-3851
7030
-3795
9348
-9901
-506
-1472
-3539
9139
-8029
-4024
-6616
3007
-6946
-552
9366
-8590
6265
-6217
-6231
-6134
-7033
7109
-4447
929
1117
4127
-1033
-3621
8237
3171
4825
9900
-5061
8626
7777
1911
-7706
-8201
-2934
2307
7829
5410
-9149
-3888
581
-3228
740
-3866
-1319
-4889
2965
-3927
25
6991
5832
2375
-3098
3608
-4870
526
-4544
5948
2340
4872
8820
